# Made in Blockbench 4.12.6
mtllib Tree1.mtl

o cube
v -1.2532545546915204 14.532659006552121 0.14263293875401928
v 0.9012454415806044 14.532659006552121 -1.6652072134893743
v -1.2532545546915204 14.532659006552121 0.14263293875401928
v 0.9012454415806044 14.532659006552121 -1.6652072134893743
v 0.1058363556545272 13.295222139475662 -2.6131388492238523
v -2.0486636406175975 13.295222139475662 -0.8052986969804588
v 0.1058363556545272 13.295222139475662 -2.6131388492238523
v -2.0486636406175975 13.295222139475662 -0.8052986969804588
vt 0 1
vt 0.02734375 1
vt 0.02734375 1
vt 0 1
vt 0 1
vt 0.0439453125 1
vt 0.0439453125 1
vt 0 1
vt 0 1
vt 0.02734375 1
vt 0.02734375 1
vt 0 1
vt 0 1
vt 0.0439453125 1
vt 0.0439453125 1
vt 0 1
vt 0.0546875 0.5458984375
vt 0.02734375 0.5458984375
vt 0.02734375 0.58984375
vt 0.0546875 0.58984375
vt 0.4384765625 1
vt 0.4111328125 1
vt 0.4111328125 0.9560546875
vt 0.4384765625 0.9560546875
vn 0.7660444431189777 0 -0.6427876096865399
vn 0.45451947767204404 0.7071067811865477 0.5416752204197015
vn -0.7660444431189777 0 0.6427876096865399
vn -0.45451947767204404 -0.7071067811865477 -0.5416752204197015
vn -0.45451947767204415 0.7071067811865476 -0.5416752204197016
vn 0.45451947767204415 -0.7071067811865476 0.5416752204197016
usemtl m_87f76ebc-9a2b-6f26-4b41-d1dd3c91e1d6
f 4/4/1 7/3/1 5/2/1 2/1/1
f 3/8/2 4/7/2 2/6/2 1/5/2
f 8/12/3 3/11/3 1/10/3 6/9/3
f 7/16/4 8/15/4 6/14/4 5/13/4
f 6/20/5 1/19/5 2/18/5 5/17/5
f 7/24/6 4/23/6 3/22/6 8/21/6
o cube
v -0.2190676592108396 13.246257080113429 1.3773488864246222
v 1.9833101147562218 13.246257080113429 -0.4706654914241799
v -0.2190676592108396 13.246257080113429 1.3773488864246222
v 1.9833101147562218 13.246257080113429 -0.4706654914241799
v 1.1879010288301446 14.483693947189888 -1.418597127158658
v -1.0144767451369168 14.483693947189888 0.42941725069014414
v 1.1879010288301446 14.483693947189888 -1.418597127158658
v -1.0144767451369168 14.483693947189888 0.42941725069014414
vt 0 1
vt 0.02734375 1
vt 0.02734375 1
vt 0 1
vt 0 1
vt 0.044921875 1
vt 0.044921875 1
vt 0 1
vt 0 1
vt 0.02734375 1
vt 0.02734375 1
vt 0 1
vt 0 1
vt 0.044921875 1
vt 0.044921875 1
vt 0 1
vt 0.111328125 0.599609375
vt 0.083984375 0.599609375
vt 0.083984375 0.64453125
vt 0.111328125 0.64453125
vt 0.392578125 0.8271484375
vt 0.365234375 0.8271484375
vt 0.365234375 0.7822265625
vt 0.392578125 0.7822265625
vn 0.7660444431189777 0 -0.6427876096865399
vn 0.45451947767204404 -0.7071067811865477 0.5416752204197015
vn -0.7660444431189777 0 0.6427876096865399
vn -0.45451947767204404 0.7071067811865477 -0.5416752204197015
vn 0.45451947767204415 0.7071067811865476 0.5416752204197016
vn -0.45451947767204415 -0.7071067811865476 -0.5416752204197016
usemtl m_87f76ebc-9a2b-6f26-4b41-d1dd3c91e1d6
f 12/28/7 15/27/7 13/26/7 10/25/7
f 11/32/8 12/31/8 10/30/8 9/29/8
f 16/36/9 11/35/9 9/34/9 14/33/9
f 15/40/10 16/39/10 14/38/10 13/37/10
f 14/44/11 9/43/11 10/42/11 13/41/11
f 15/48/12 12/47/12 11/46/12 16/45/12
o cube
v -0.1993247067512698 13.278864869213661 1.379043615437499
v 0.7486069289832074 14.51630173629012 0.5836345295114218
v -0.1993247067512698 13.278864869213661 1.379043615437499
v 0.7486069289832074 14.51630173629012 0.5836345295114218
v -1.0994074488655938 14.51630173629012 -1.6187432444556382
v -2.047339084600072 13.278864869213661 -0.823334158529561
v -1.0994074488655938 14.51630173629012 -1.6187432444556382
v -2.047339084600072 13.278864869213661 -0.823334158529561
vt 0 1
vt 0.044921875 1
vt 0.044921875 1
vt 0 1
vt 0 1
vt 0.02734375 1
vt 0.02734375 1
vt 0 1
vt 0 1
vt 0.044921875 1
vt 0.044921875 1
vt 0 1
vt 0 1
vt 0.02734375 1
vt 0.02734375 1
vt 0 1
vt 0.41015625 0.7548828125
vt 0.365234375 0.7548828125
vt 0.365234375 0.7822265625
vt 0.41015625 0.7822265625
vt 0.4111328125 1
vt 0.3662109375 1
vt 0.3662109375 0.97265625
vt 0.4111328125 0.97265625
vn 0.5416752204197015 0.7071067811865477 -0.45451947767204404
vn 0.6427876096865399 0 0.7660444431189777
vn -0.5416752204197015 -0.7071067811865477 0.45451947767204404
vn -0.6427876096865399 0 -0.7660444431189777
vn -0.5416752204197016 0.7071067811865476 0.45451947767204415
vn 0.5416752204197016 -0.7071067811865476 -0.45451947767204415
usemtl m_87f76ebc-9a2b-6f26-4b41-d1dd3c91e1d6
f 20/52/13 23/51/13 21/50/13 18/49/13
f 19/56/14 20/55/14 18/54/14 17/53/14
f 24/60/15 19/59/15 17/58/15 22/57/15
f 23/64/16 24/63/16 22/62/16 21/61/16
f 22/68/17 17/67/17 18/66/17 21/65/17
f 23/72/18 20/71/18 19/70/18 24/69/18
o cube
v -2.814713486195699 13.295215087066143 -0.16251752569398725
v 0.9197531740093163 13.295215087066143 -3.2961071229158687
v -2.814713486195699 13.295215087066143 -0.16251752569398725
v 0.9197531740093163 13.295215087066143 -3.2961071229158687
v 0.031215600134578025 12.327304850723753 -4.35502496873603
v -3.7032510600704382 12.327304850723753 -1.2214353715141488
v 0.031215600134578025 12.327304850723753 -4.35502496873603
v -3.7032510600704382 12.327304850723753 -1.2214353715141488
vt 0 1
vt 0.0263671875 1
vt 0.0263671875 1
vt 0 1
vt 0 1
vt 0.076171875 1
vt 0.076171875 1
vt 0 1
vt 0 1
vt 0.0263671875 1
vt 0.0263671875 1
vt 0 1
vt 0 1
vt 0.076171875 1
vt 0.076171875 1
vt 0 1
vt 0.205078125 0.6982421875
vt 0.1787109375 0.6982421875
vt 0.1787109375 0.7744140625
vt 0.205078125 0.7744140625
vt 0.2314453125 0.7744140625
vt 0.205078125 0.7744140625
vt 0.205078125 0.6982421875
vt 0.2314453125 0.6982421875
vn 0.7660444431189776 -2.7755575615628914e-17 -0.6427876096865399
vn 0.5265407845183637 0.5735764363510462 0.6275068715971328
vn -0.7660444431189776 2.7755575615628914e-17 0.6427876096865399
vn -0.5265407845183637 -0.5735764363510462 -0.6275068715971328
vn -0.3686878264946127 0.8191520442889919 -0.4393850417707048
vn 0.3686878264946127 -0.8191520442889919 0.4393850417707048
usemtl m_87f76ebc-9a2b-6f26-4b41-d1dd3c91e1d6
f 28/76/19 31/75/19 29/74/19 26/73/19
f 27/80/20 28/79/20 26/78/20 25/77/20
f 32/84/21 27/83/21 25/82/21 30/81/21
f 31/88/22 32/87/22 30/86/22 29/85/22
f 30/92/23 25/91/23 26/90/23 29/89/23
f 31/96/24 28/95/24 27/94/24 32/93/24
o cube
v -0.22823293071998751 12.421689393377251 2.922149968036903
v 3.506233729485028 12.421689393377251 -0.21143962918497916
v -0.22823293071998751 12.421689393377251 2.922149968036903
v 3.506233729485028 12.421689393377251 -0.21143962918497916
v 2.7493313517398796 13.24620552063188 -1.113480757105858
v -0.9851353084651366 13.24620552063188 2.020108840116025
v 2.7493313517398796 13.24620552063188 -1.113480757105858
v -0.9851353084651366 13.24620552063188 2.020108840116025
vt 0 1
vt 0.0224609375 1
vt 0.0224609375 1
vt 0 1
vt 0 1
vt 0.076171875 1
vt 0.076171875 1
vt 0 1
vt 0 1
vt 0.0224609375 1
vt 0.0224609375 1
vt 0 1
vt 0 1
vt 0.076171875 1
vt 0.076171875 1
vt 0 1
vt 0.1201171875 0.64453125
vt 0.09765625 0.64453125
vt 0.09765625 0.720703125
vt 0.1201171875 0.720703125
vt 0.302734375 1
vt 0.2802734375 1
vt 0.2802734375 0.923828125
vt 0.302734375 0.923828125
vn 0.7660444431189776 2.7755575615628914e-17 -0.6427876096865399
vn 0.5265407845183637 -0.5735764363510462 0.6275068715971328
vn -0.7660444431189776 -2.7755575615628914e-17 0.6427876096865399
vn -0.5265407845183637 0.5735764363510462 -0.6275068715971328
vn 0.3686878264946127 0.8191520442889919 0.4393850417707048
vn -0.3686878264946127 -0.8191520442889919 -0.4393850417707048
usemtl m_87f76ebc-9a2b-6f26-4b41-d1dd3c91e1d6
f 36/100/25 39/99/25 37/98/25 34/97/25
f 35/104/26 36/103/26 34/102/26 33/101/26
f 40/108/27 35/107/27 33/106/27 38/105/27
f 39/112/28 40/111/28 38/110/28 37/109/28
f 38/116/29 33/115/29 34/114/29 37/113/29
f 39/120/30 36/119/30 35/118/30 40/117/30
o cube
v -0.6154613812849581 12.31094758046175 3.0336310348903366
v 0.4434564645352044 13.278857816804141 2.1450934610155974
v -0.6154613812849581 12.31094758046175 3.0336310348903366
v 0.4434564645352044 13.278857816804141 2.1450934610155974
v -2.690133132686678 13.278857816804141 -1.5893731991894189
v -3.7490509785068395 12.31094758046175 -0.7008356253146797
v -2.690133132686678 13.278857816804141 -1.5893731991894189
v -3.7490509785068395 12.31094758046175 -0.7008356253146797
vt 0 1
vt 0.076171875 1
vt 0.076171875 1
vt 0 1
vt 0 1
vt 0.0263671875 1
vt 0.0263671875 1
vt 0 1
vt 0 1
vt 0.076171875 1
vt 0.076171875 1
vt 0 1
vt 0 1
vt 0.0263671875 1
vt 0.0263671875 1
vt 0 1
vt 0.12890625 0.7470703125
vt 0.052734375 0.7470703125
vt 0.052734375 0.7734375
vt 0.12890625 0.7734375
vt 0.3037109375 0.9189453125
vt 0.2275390625 0.9189453125
vt 0.2275390625 0.892578125
vt 0.3037109375 0.892578125
vn 0.6275068715971328 0.5735764363510462 -0.5265407845183637
vn 0.6427876096865399 2.7755575615628914e-17 0.7660444431189776
vn -0.6275068715971328 -0.5735764363510462 0.5265407845183637
vn -0.6427876096865399 -2.7755575615628914e-17 -0.7660444431189776
vn -0.4393850417707048 0.8191520442889919 0.3686878264946127
vn 0.4393850417707048 -0.8191520442889919 -0.3686878264946127
usemtl m_87f76ebc-9a2b-6f26-4b41-d1dd3c91e1d6
f 44/124/31 47/123/31 45/122/31 42/121/31
f 43/128/32 44/127/32 42/126/32 41/125/32
f 48/132/33 43/131/33 41/130/33 46/129/33
f 47/136/34 48/135/34 46/134/34 45/133/34
f 46/140/35 41/139/35 42/138/35 45/137/35
f 47/144/36 44/143/36 43/142/36 48/141/36
o cube
v 2.624521576465477 13.246205520631886 0.31310150217645694
v 3.72265860176046 12.242446757017554 -0.6083448707306798
v 2.624521576465477 13.246205520631886 0.31310150217645694
v 3.72265860176046 12.242446757017554 -0.6083448707306798
v 0.5890690045385769 12.242446757017554 -4.342811530935696
v -0.5090680207564047 13.246205520631886 -3.421365158028559
v 0.5890690045385769 12.242446757017554 -4.342811530935696
v -0.5090680207564047 13.246205520631886 -3.421365158028559
vt 0 1
vt 0.076171875 1
vt 0.076171875 1
vt 0 1
vt 0 1
vt 0.02734375 1
vt 0.02734375 1
vt 0 1
vt 0 1
vt 0.076171875 1
vt 0.076171875 1
vt 0 1
vt 0 1
vt 0.02734375 1
vt 0.02734375 1
vt 0 1
vt 0.15234375 0.80078125
vt 0.076171875 0.80078125
vt 0.076171875 0.828125
vt 0.15234375 0.828125
vt 0.228515625 0.828125
vt 0.15234375 0.828125
vt 0.15234375 0.80078125
vt 0.228515625 0.80078125
vn 0.6275068715971328 -0.5735764363510462 -0.5265407845183637
vn 0.6427876096865399 -2.7755575615628914e-17 0.7660444431189776
vn -0.6275068715971328 0.5735764363510462 0.5265407845183637
vn -0.6427876096865399 2.7755575615628914e-17 -0.7660444431189776
vn 0.4393850417707048 0.8191520442889919 -0.3686878264946127
vn -0.4393850417707048 -0.8191520442889919 0.3686878264946127
usemtl m_87f76ebc-9a2b-6f26-4b41-d1dd3c91e1d6
f 52/148/37 55/147/37 53/146/37 50/145/37
f 51/152/38 52/151/38 50/150/38 49/149/38
f 56/156/39 51/155/39 49/154/39 54/153/39
f 55/160/40 56/159/40 54/158/40 53/157/40
f 54/164/41 49/163/41 50/162/41 53/161/41
f 55/168/42 52/167/42 51/166/42 56/165/42
o cube
v 1.0337958926443882 14.483649440117857 0.34247154744268116
v 1.9817275283788662 13.246212573041399 -0.452937538483396
v 1.0337958926443882 14.483649440117857 0.34247154744268116
v 1.9817275283788662 13.246212573041399 -0.452937538483396
v 0.13371315053006416 13.246212573041399 -2.6553153124504574
v -0.8142184852044139 14.483649440117857 -1.8599062265243802
v 0.13371315053006416 13.246212573041399 -2.6553153124504574
v -0.8142184852044139 14.483649440117857 -1.8599062265243802
vt 0 1
vt 0.044921875 1
vt 0.044921875 1
vt 0 1
vt 0 1
vt 0.02734375 1
vt 0.02734375 1
vt 0 1
vt 0 1
vt 0.044921875 1
vt 0.044921875 1
vt 0 1
vt 0 1
vt 0.02734375 1
vt 0.02734375 1
vt 0 1
vt 0.4111328125 0.9453125
vt 0.3662109375 0.9453125
vt 0.3662109375 0.97265625
vt 0.4111328125 0.97265625
vt 0.4208984375 0.91796875
vt 0.3759765625 0.91796875
vt 0.3759765625 0.890625
vt 0.4208984375 0.890625
vn 0.5416752204197015 -0.7071067811865477 -0.45451947767204404
vn 0.6427876096865399 0 0.7660444431189777
vn -0.5416752204197015 0.7071067811865477 0.45451947767204404
vn -0.6427876096865399 0 -0.7660444431189777
vn 0.5416752204197016 0.7071067811865476 -0.45451947767204415
vn -0.5416752204197016 -0.7071067811865476 0.45451947767204415
usemtl m_87f76ebc-9a2b-6f26-4b41-d1dd3c91e1d6
f 60/172/43 63/171/43 61/170/43 58/169/43
f 59/176/44 60/175/44 58/174/44 57/173/44
f 64/180/45 59/179/45 57/178/45 62/177/45
f 63/184/46 64/183/46 62/182/46 61/181/46
f 62/188/47 57/187/47 58/186/47 61/185/47
f 63/192/48 60/191/48 59/190/48 64/189/48
o cube
v 0.8006211820835887 8.358649440117857 0.9821571444277848
v 1.980785697695186 7.121212573041399 0.6100527019774951
v 0.8006211820835887 8.358649440117857 0.9821571444277848
v 1.980785697695186 7.121212573041399 0.6100527019774951
v 1.1162565241204003 7.121212573041399 -2.1318835314236573
v -0.06390799149119797 8.358649440117857 -1.7597790889733673
v 1.1162565241204003 7.121212573041399 -2.1318835314236573
v -0.06390799149119797 8.358649440117857 -1.7597790889733673
vt 0 1
vt 0.044921875 1
vt 0.044921875 1
vt 0 1
vt 0 1
vt 0.02734375 1
vt 0.02734375 1
vt 0 1
vt 0 1
vt 0.044921875 1
vt 0.044921875 1
vt 0 1
vt 0 1
vt 0.02734375 1
vt 0.02734375 1
vt 0 1
vt 0.3994140625 0.6591796875
vt 0.3544921875 0.6591796875
vt 0.3544921875 0.6865234375
vt 0.3994140625 0.6865234375
vt 0.083984375 0.64453125
vt 0.0390625 0.64453125
vt 0.0390625 0.6171875
vt 0.083984375 0.6171875
vn 0.6743797232066278 -0.7071067811865477 -0.2126311099715941
vn 0.30070579950427345 0 0.9537169507482268
vn -0.6743797232066278 0.7071067811865477 0.2126311099715941
vn -0.30070579950427345 0 -0.9537169507482268
vn 0.6743797232066279 0.7071067811865476 -0.21263110997159412
vn -0.6743797232066279 -0.7071067811865476 0.21263110997159412
usemtl m_87f76ebc-9a2b-6f26-4b41-d1dd3c91e1d6
f 68/196/49 71/195/49 69/194/49 66/193/49
f 67/200/50 68/199/50 66/198/50 65/197/50
f 72/204/51 67/203/51 65/202/51 70/201/51
f 71/208/52 72/207/52 70/206/52 69/205/52
f 70/212/53 65/211/53 66/210/53 69/209/53
f 71/216/54 68/215/54 67/214/54 72/213/54
o cube
v -1.2358629913387986 8.407659006552121 -0.07768597112382203
v 1.4464659326405898 8.407659006552121 -0.9234210322295917
v -1.2358629913387986 8.407659006552121 -0.07768597112382203
v 1.4464659326405898 8.407659006552121 -0.9234210322295917
v 1.0743614901902998 7.170222139475663 -2.103585547841191
v -1.6079674337890886 7.170222139475663 -1.257850486735422
v 1.0743614901902998 7.170222139475663 -2.103585547841191
v -1.6079674337890886 7.170222139475663 -1.257850486735422
vt 0 1
vt 0.02734375 1
vt 0.02734375 1
vt 0 1
vt 0 1
vt 0.0439453125 1
vt 0.0439453125 1
vt 0 1
vt 0 1
vt 0.02734375 1
vt 0.02734375 1
vt 0 1
vt 0 1
vt 0.0439453125 1
vt 0.0439453125 1
vt 0 1
vt 0.23828125 0.546875
vt 0.2109375 0.546875
vt 0.2109375 0.5908203125
vt 0.23828125 0.5908203125
vt 0.265625 0.5908203125
vt 0.23828125 0.5908203125
vt 0.23828125 0.546875
vt 0.265625 0.546875
vn 0.9537169507482268 0 -0.30070579950427345
vn 0.2126311099715941 0.7071067811865477 0.6743797232066278
vn -0.9537169507482268 0 0.30070579950427345
vn -0.2126311099715941 -0.7071067811865477 -0.6743797232066278
vn -0.21263110997159412 0.7071067811865476 -0.6743797232066279
vn 0.21263110997159412 -0.7071067811865476 0.6743797232066279
usemtl m_87f76ebc-9a2b-6f26-4b41-d1dd3c91e1d6
f 76/220/55 79/219/55 77/218/55 74/217/55
f 75/224/56 76/223/56 74/222/56 73/221/56
f 80/228/57 75/227/57 73/226/57 78/225/57
f 79/232/58 80/231/58 78/230/58 77/229/58
f 78/236/59 73/235/59 74/234/59 77/233/59
f 79/240/60 76/239/60 75/238/60 80/237/60
o cube
v -0.7529042226633096 7.121257080113429 1.4588090122638686
v 1.989032010737843 7.121257080113429 0.5942798386890829
v -0.7529042226633096 7.121257080113429 1.4588090122638686
v 1.989032010737843 7.121257080113429 0.5942798386890829
v 1.616927568287553 8.358693947189888 -0.5858846769225163
v -1.1250086651135995 8.358693947189888 0.2786444966522694
v 1.616927568287553 8.358693947189888 -0.5858846769225163
v -1.1250086651135995 8.358693947189888 0.2786444966522694
vt 0 1
vt 0.02734375 1
vt 0.02734375 1
vt 0 1
vt 0 1
vt 0.044921875 1
vt 0.044921875 1
vt 0 1
vt 0 1
vt 0.02734375 1
vt 0.02734375 1
vt 0 1
vt 0 1
vt 0.044921875 1
vt 0.044921875 1
vt 0 1
vt 0.23828125 0.619140625
vt 0.2109375 0.619140625
vt 0.2109375 0.6640625
vt 0.23828125 0.6640625
vt 0.3447265625 0.6494140625
vt 0.3173828125 0.6494140625
vt 0.3173828125 0.6044921875
vt 0.3447265625 0.6044921875
vn 0.9537169507482268 0 -0.30070579950427345
vn 0.2126311099715941 -0.7071067811865477 0.6743797232066278
vn -0.9537169507482268 0 0.30070579950427345
vn -0.2126311099715941 0.7071067811865477 -0.6743797232066278
vn 0.21263110997159412 0.7071067811865476 0.6743797232066279
vn -0.21263110997159412 -0.7071067811865476 -0.6743797232066279
usemtl m_87f76ebc-9a2b-6f26-4b41-d1dd3c91e1d6
f 84/244/61 87/243/61 85/242/61 82/241/61
f 83/248/62 84/247/62 82/246/62 81/245/62
f 88/252/63 83/251/63 81/250/63 86/249/63
f 87/256/64 88/255/64 86/254/64 85/253/64
f 86/260/65 81/259/65 82/258/65 85/257/65
f 87/264/66 84/263/66 83/262/66 88/261/66
o cube
v -0.7353126576901463 7.1538648692136615 1.4679300385242675
v 0.4448518579214529 8.39130173629012 1.095825596073978
v -0.7353126576901463 7.1538648692136615 1.4679300385242675
v 0.4448518579214529 8.39130173629012 1.095825596073978
v -0.4196773156533329 8.39130173629012 -1.6461106373271748
v -1.599841831264932 7.1538648692136615 -1.2740061948768848
v -0.4196773156533329 8.39130173629012 -1.6461106373271748
v -1.599841831264932 7.1538648692136615 -1.2740061948768848
vt 0 1
vt 0.044921875 1
vt 0.044921875 1
vt 0 1
vt 0 1
vt 0.02734375 1
vt 0.02734375 1
vt 0 1
vt 0 1
vt 0.044921875 1
vt 0.044921875 1
vt 0 1
vt 0 1
vt 0.02734375 1
vt 0.02734375 1
vt 0 1
vt 0.3896484375 0.6220703125
vt 0.3447265625 0.6220703125
vt 0.3447265625 0.6494140625
vt 0.3896484375 0.6494140625
vt 0.3994140625 0.7138671875
vt 0.3544921875 0.7138671875
vt 0.3544921875 0.6865234375
vt 0.3994140625 0.6865234375
vn 0.6743797232066278 0.7071067811865477 -0.2126311099715941
vn 0.30070579950427345 0 0.9537169507482268
vn -0.6743797232066278 -0.7071067811865477 0.2126311099715941
vn -0.30070579950427345 0 -0.9537169507482268
vn -0.6743797232066279 0.7071067811865476 0.21263110997159412
vn 0.6743797232066279 -0.7071067811865476 -0.21263110997159412
usemtl m_87f76ebc-9a2b-6f26-4b41-d1dd3c91e1d6
f 92/268/67 95/267/67 93/266/67 90/265/67
f 91/272/68 92/271/68 90/270/68 89/269/68
f 96/276/69 91/275/69 89/274/69 94/273/69
f 95/280/70 96/279/70 94/278/70 93/277/70
f 94/284/71 89/283/71 90/282/71 93/281/71
f 95/288/72 92/287/72 91/286/72 96/285/72
o cube
v -2.561686911889689 7.170215087066143 -0.9571527029687932
v 2.0876832230079176 7.170215087066143 -2.4230934755521254
v -2.561686911889689 7.170215087066143 -0.9571527029687932
v 2.0876832230079176 7.170215087066143 -2.4230934755521254
v 1.6720118604689178 6.202304850723753 -3.7414346084720513
v -2.9773582744286884 6.202304850723753 -2.2754938358887173
v 1.6720118604689178 6.202304850723753 -3.7414346084720513
v -2.9773582744286884 6.202304850723753 -2.2754938358887173
vt 0 1
vt 0.0263671875 1
vt 0.0263671875 1
vt 0 1
vt 0 1
vt 0.076171875 1
vt 0.076171875 1
vt 0 1
vt 0 1
vt 0.0263671875 1
vt 0.0263671875 1
vt 0 1
vt 0 1
vt 0.076171875 1
vt 0.076171875 1
vt 0 1
vt 0.052734375 0.70703125
vt 0.0263671875 0.70703125
vt 0.0263671875 0.783203125
vt 0.052734375 0.783203125
vt 0.1787109375 0.7744140625
vt 0.15234375 0.7744140625
vt 0.15234375 0.6982421875
vt 0.1787109375 0.6982421875
vn 0.9537169507482269 0 -0.30070579950427345
vn 0.2463237703934813 0.5735764363510462 0.7812391898784738
vn -0.9537169507482269 0 0.30070579950427345
vn -0.2463237703934813 -0.5735764363510462 -0.7812391898784738
vn -0.1724777608697533 0.819152044288992 -0.5470295698977541
vn 0.1724777608697533 -0.819152044288992 0.5470295698977541
usemtl m_87f76ebc-9a2b-6f26-4b41-d1dd3c91e1d6
f 100/292/73 103/291/73 101/290/73 98/289/73
f 99/296/74 100/295/74 98/294/74 97/293/74
f 104/300/75 99/299/75 97/298/75 102/297/75
f 103/304/76 104/303/76 102/302/76 101/301/76
f 102/308/77 97/307/77 98/306/77 101/305/77
f 103/312/78 100/311/78 99/310/78 104/309/78
o cube
v -1.3525416096532137 6.296689393377251 2.882511715807073
v 3.296828525244392 6.296689393377251 1.416570943223741
v -1.3525416096532137 6.296689393377251 2.882511715807073
v 3.296828525244392 6.296689393377251 1.416570943223741
v 2.942738105303763 7.1212055206318805 0.29353960777343424
v -1.7066320295938429 7.1212055206318805 1.7594803803567682
v 2.942738105303763 7.1212055206318805 0.29353960777343424
v -1.7066320295938429 7.1212055206318805 1.7594803803567682
vt 0 1
vt 0.0224609375 1
vt 0.0224609375 1
vt 0 1
vt 0 1
vt 0.076171875 1
vt 0.076171875 1
vt 0 1
vt 0 1
vt 0.0224609375 1
vt 0.0224609375 1
vt 0 1
vt 0 1
vt 0.076171875 1
vt 0.076171875 1
vt 0 1
vt 0.0751953125 0.64453125
vt 0.052734375 0.64453125
vt 0.052734375 0.720703125
vt 0.0751953125 0.720703125
vt 0.09765625 0.720703125
vt 0.0751953125 0.720703125
vt 0.0751953125 0.64453125
vt 0.09765625 0.64453125
vn 0.9537169507482269 0 -0.30070579950427345
vn 0.2463237703934813 -0.5735764363510462 0.7812391898784738
vn -0.9537169507482269 0 0.30070579950427345
vn -0.2463237703934813 0.5735764363510462 -0.7812391898784738
vn 0.1724777608697533 0.819152044288992 0.5470295698977541
vn -0.1724777608697533 -0.819152044288992 -0.5470295698977541
usemtl m_87f76ebc-9a2b-6f26-4b41-d1dd3c91e1d6
f 108/316/79 111/315/79 109/314/79 106/313/79
f 107/320/80 108/319/80 106/318/80 105/317/80
f 112/324/81 107/323/81 105/322/81 110/321/81
f 111/328/82 112/327/82 110/326/82 109/325/82
f 110/332/83 105/331/83 106/330/83 109/329/83
f 111/336/84 108/335/84 107/334/84 112/333/84
o cube
v -1.7529560068434407 6.18594758046175 2.8373208791638658
v -0.4346148739235147 7.153857816804141 2.4216495166248664
v -1.7529560068434407 6.18594758046175 2.8373208791638658
v -0.4346148739235147 7.153857816804141 2.4216495166248664
v -1.9005556465068487 7.153857816804141 -2.22772061827274
v -3.218896779426773 6.18594758046175 -1.8120492557337404
v -1.9005556465068487 7.153857816804141 -2.22772061827274
v -3.218896779426773 6.18594758046175 -1.8120492557337404
vt 0 1
vt 0.076171875 1
vt 0.076171875 1
vt 0 1
vt 0 1
vt 0.0263671875 1
vt 0.0263671875 1
vt 0 1
vt 0 1
vt 0.076171875 1
vt 0.076171875 1
vt 0 1
vt 0 1
vt 0.0263671875 1
vt 0.0263671875 1
vt 0 1
vt 0.2802734375 0.9736328125
vt 0.2041015625 0.9736328125
vt 0.2041015625 1
vt 0.2802734375 1
vt 0.2802734375 0.9736328125
vt 0.2041015625 0.9736328125
vt 0.2041015625 0.947265625
vt 0.2802734375 0.947265625
vn 0.7812391898784738 0.5735764363510462 -0.2463237703934813
vn 0.30070579950427345 0 0.9537169507482269
vn -0.7812391898784738 -0.5735764363510462 0.2463237703934813
vn -0.30070579950427345 0 -0.9537169507482269
vn -0.5470295698977541 0.819152044288992 0.1724777608697533
vn 0.5470295698977541 -0.819152044288992 -0.1724777608697533
usemtl m_87f76ebc-9a2b-6f26-4b41-d1dd3c91e1d6
f 116/340/85 119/339/85 117/338/85 114/337/85
f 115/344/86 116/343/86 114/342/86 113/341/86
f 120/348/87 115/347/87 113/346/87 118/345/87
f 119/352/88 120/351/88 118/350/88 117/349/88
f 118/356/89 113/355/89 114/354/89 117/353/89
f 119/360/90 116/359/90 115/358/90 120/357/90
o cube
v 2.28149951293711 7.121205520631886 1.5637671253733507
v 3.648668095224439 6.117446757017555 1.1327005271847583
v 2.28149951293711 7.121205520631886 1.5637671253733507
v 3.648668095224439 6.117446757017555 1.1327005271847583
v 2.182727322641105 6.117446757017555 -3.5166696077128474
v 0.8155587403537758 7.121205520631886 -3.0856030095242555
v 2.182727322641105 6.117446757017555 -3.5166696077128474
v 0.8155587403537758 7.121205520631886 -3.0856030095242555
vt 0 1
vt 0.076171875 1
vt 0.076171875 1
vt 0 1
vt 0 1
vt 0.02734375 1
vt 0.02734375 1
vt 0 1
vt 0 1
vt 0.076171875 1
vt 0.076171875 1
vt 0 1
vt 0 1
vt 0.02734375 1
vt 0.02734375 1
vt 0 1
vt 0.201171875 0.828125
vt 0.125 0.828125
vt 0.125 0.85546875
vt 0.201171875 0.85546875
vt 0.076171875 0.837890625
vt 0 0.837890625
vt 0 0.810546875
vt 0.076171875 0.810546875
vn 0.7812391898784738 -0.5735764363510462 -0.2463237703934813
vn 0.30070579950427345 0 0.9537169507482269
vn -0.7812391898784738 0.5735764363510462 0.2463237703934813
vn -0.30070579950427345 0 -0.9537169507482269
vn 0.5470295698977541 0.819152044288992 -0.1724777608697533
vn -0.5470295698977541 -0.819152044288992 0.1724777608697533
usemtl m_87f76ebc-9a2b-6f26-4b41-d1dd3c91e1d6
f 124/364/91 127/363/91 125/362/91 122/361/91
f 123/368/92 124/367/92 122/366/92 121/365/92
f 128/372/93 123/371/93 121/370/93 126/369/93
f 127/376/94 128/375/94 126/374/94 125/373/94
f 126/380/95 121/379/95 122/378/95 125/377/95
f 127/384/96 124/383/96 123/382/96 128/381/96
o cube
v -1.2082585002769062 12.157659006552121 -0.8769637092625766
v 1.5935390881061284 12.157659006552121 -0.6318381827847874
v -1.2082585002769062 12.157659006552121 -0.8769637092625766
v 1.5935390881061284 12.157659006552121 -0.6318381827847874
v 1.7013888173595122 10.920222139475662 -1.8645662289896139
v -1.1004087710235222 10.920222139475662 -2.109691755467403
v 1.7013888173595122 10.920222139475662 -1.8645662289896139
v -1.1004087710235222 10.920222139475662 -2.109691755467403
vt 0 1
vt 0.02734375 1
vt 0.02734375 1
vt 0 1
vt 0 1
vt 0.0439453125 1
vt 0.0439453125 1
vt 0 1
vt 0 1
vt 0.02734375 1
vt 0.02734375 1
vt 0 1
vt 0 1
vt 0.0439453125 1
vt 0.0439453125 1
vt 0 1
vt 0.3994140625 0.55078125
vt 0.3720703125 0.55078125
vt 0.3720703125 0.5947265625
vt 0.3994140625 0.5947265625
vt 0.4267578125 0.5947265625
vt 0.3994140625 0.5947265625
vt 0.3994140625 0.55078125
vt 0.4267578125 0.55078125
vn 0.9961946980917455 -6.938893903907228e-18 0.08715574274765825
vn -0.0616284167162194 0.7071067811865476 0.7044160264027586
vn -0.9961946980917455 6.938893903907228e-18 -0.08715574274765825
vn 0.0616284167162194 -0.7071067811865476 -0.7044160264027586
vn 0.06162841671621943 0.7071067811865476 -0.7044160264027588
vn -0.06162841671621943 -0.7071067811865476 0.7044160264027588
usemtl m_87f76ebc-9a2b-6f26-4b41-d1dd3c91e1d6
f 132/388/97 135/387/97 133/386/97 130/385/97
f 131/392/98 132/391/98 130/390/98 129/389/98
f 136/396/99 131/395/99 129/394/99 134/393/99
f 135/400/100 136/399/100 134/398/100 133/397/100
f 134/404/101 129/403/101 130/402/101 133/401/101
f 135/408/102 132/407/102 131/406/102 136/405/102
o cube
v -1.3500539529053126 10.871257080113429 0.7273928769831368
v 1.5140058041084559 10.871257080113429 0.9779656373826535
v -1.3500539529053126 10.871257080113429 0.7273928769831368
v 1.5140058041084559 10.871257080113429 0.9779656373826535
v 1.62185553336184 12.108693947189888 -0.25476240882217205
v -1.2422042236519286 12.108693947189888 -0.5053351692216896
v 1.62185553336184 12.108693947189888 -0.25476240882217205
v -1.2422042236519286 12.108693947189888 -0.5053351692216896
vt 0 1
vt 0.02734375 1
vt 0.02734375 1
vt 0 1
vt 0 1
vt 0.044921875 1
vt 0.044921875 1
vt 0 1
vt 0 1
vt 0.02734375 1
vt 0.02734375 1
vt 0 1
vt 0 1
vt 0.044921875 1
vt 0.044921875 1
vt 0 1
vt 0.2109375 0.6337890625
vt 0.18359375 0.6337890625
vt 0.18359375 0.6787109375
vt 0.2109375 0.6787109375
vt 0.3544921875 0.6943359375
vt 0.3271484375 0.6943359375
vt 0.3271484375 0.6494140625
vt 0.3544921875 0.6494140625
vn 0.9961946980917455 6.938893903907228e-18 0.08715574274765825
vn -0.0616284167162194 -0.7071067811865476 0.7044160264027586
vn -0.9961946980917455 -6.938893903907228e-18 -0.08715574274765825
vn 0.0616284167162194 0.7071067811865476 -0.7044160264027586
vn -0.06162841671621943 0.7071067811865476 0.7044160264027588
vn 0.06162841671621943 -0.7071067811865476 -0.7044160264027588
usemtl m_87f76ebc-9a2b-6f26-4b41-d1dd3c91e1d6
f 140/412/103 143/411/103 141/410/103 138/409/103
f 139/416/104 140/415/104 138/414/104 137/413/104
f 144/420/105 139/419/105 137/418/105 142/417/105
f 143/424/106 144/423/106 142/422/106 141/421/106
f 142/428/107 137/427/107 138/426/107 141/425/107
f 143/432/108 140/431/108 139/430/108 144/429/108
o cube
v 0.2676231446034052 12.108649440117857 0.8815324063110128
v 1.5003511908082334 10.871212573041399 0.9893821355643966
v 0.2676231446034052 12.108649440117857 0.8815324063110128
v 1.5003511908082334 10.871212573041399 0.9893821355643966
v 1.7509239512077492 10.871212573041399 -1.8746776214493717
v 0.518195905002921 12.108649440117857 -1.9825273507027559
v 1.7509239512077492 10.871212573041399 -1.8746776214493717
v 0.518195905002921 12.108649440117857 -1.9825273507027559
vt 0 1
vt 0.044921875 1
vt 0.044921875 1
vt 0 1
vt 0 1
vt 0.02734375 1
vt 0.02734375 1
vt 0 1
vt 0 1
vt 0.044921875 1
vt 0.044921875 1
vt 0 1
vt 0 1
vt 0.02734375 1
vt 0.02734375 1
vt 0 1
vt 0.18359375 0.6240234375
vt 0.138671875 0.6240234375
vt 0.138671875 0.6513671875
vt 0.18359375 0.6513671875
vt 0.3173828125 0.6494140625
vt 0.2724609375 0.6494140625
vt 0.2724609375 0.6220703125
vt 0.3173828125 0.6220703125
vn 0.7044160264027586 -0.7071067811865476 0.0616284167162194
vn -0.08715574274765825 -6.938893903907228e-18 0.9961946980917455
vn -0.7044160264027586 0.7071067811865476 -0.0616284167162194
vn 0.08715574274765825 6.938893903907228e-18 -0.9961946980917455
vn 0.7044160264027588 0.7071067811865476 0.06162841671621943
vn -0.7044160264027588 -0.7071067811865476 -0.06162841671621943
usemtl m_87f76ebc-9a2b-6f26-4b41-d1dd3c91e1d6
f 148/436/109 151/435/109 149/434/109 146/433/109
f 147/440/110 148/439/110 146/438/110 145/437/110
f 152/444/111 147/443/111 145/442/111 150/441/111
f 151/448/112 152/447/112 150/446/112 149/445/112
f 150/452/113 145/451/113 146/450/113 149/449/113
f 151/456/114 148/455/114 147/454/114 152/453/114
o cube
v -1.3372919317177843 10.903864869213661 0.7425516069252218
v -0.10456388551295781 12.14130173629012 0.8504013361786056
v -1.3372919317177843 10.903864869213661 0.7425516069252218
v -0.10456388551295781 12.14130173629012 0.8504013361786056
v 0.14600887488655978 12.14130173629012 -2.0136584208351627
v -1.0867191713182667 10.903864869213661 -2.1215081500885464
v 0.14600887488655978 12.14130173629012 -2.0136584208351627
v -1.0867191713182667 10.903864869213661 -2.1215081500885464
vt 0 1
vt 0.044921875 1
vt 0.044921875 1
vt 0 1
vt 0 1
vt 0.02734375 1
vt 0.02734375 1
vt 0 1
vt 0 1
vt 0.044921875 1
vt 0.044921875 1
vt 0 1
vt 0 1
vt 0.02734375 1
vt 0.02734375 1
vt 0 1
vt 0.3759765625 0.869140625
vt 0.3310546875 0.869140625
vt 0.3310546875 0.896484375
vt 0.3759765625 0.896484375
vt 0.3935546875 0.9453125
vt 0.3486328125 0.9453125
vt 0.3486328125 0.91796875
vt 0.3935546875 0.91796875
vn 0.7044160264027586 0.7071067811865476 0.0616284167162194
vn -0.08715574274765825 6.938893903907228e-18 0.9961946980917455
vn -0.7044160264027586 -0.7071067811865476 -0.0616284167162194
vn 0.08715574274765825 -6.938893903907228e-18 -0.9961946980917455
vn -0.7044160264027588 0.7071067811865476 -0.06162841671621943
vn 0.7044160264027588 -0.7071067811865476 0.06162841671621943
usemtl m_87f76ebc-9a2b-6f26-4b41-d1dd3c91e1d6
f 156/460/115 159/459/115 157/458/115 154/457/115
f 155/464/116 156/463/116 154/462/116 153/461/116
f 160/468/117 155/467/117 153/466/117 158/465/117
f 159/472/118 160/471/118 158/470/118 157/469/118
f 158/476/119 153/475/119 154/474/119 157/473/119
f 159/480/120 156/479/120 155/478/120 160/477/120
o cube
v -2.0966027365944 10.920215087066143 -2.1968558709668917
v 2.75984641660286 10.920215087066143 -1.7719716250720579
v -2.0966027365944 10.920215087066143 -2.1968558709668917
v 2.75984641660286 10.920215087066143 -1.7719716250720579
v 2.8803234622758773 9.952304850723753 -3.1490305583968157
v -1.9761256909213825 9.952304850723753 -3.5739148042916495
v 2.8803234622758773 9.952304850723753 -3.1490305583968157
v -1.9761256909213825 9.952304850723753 -3.5739148042916495
vt 0 1
vt 0.0263671875 1
vt 0.0263671875 1
vt 0 1
vt 0 1
vt 0.076171875 1
vt 0.076171875 1
vt 0 1
vt 0 1
vt 0.0263671875 1
vt 0.0263671875 1
vt 0 1
vt 0 1
vt 0.076171875 1
vt 0.076171875 1
vt 0 1
vt 0.2275390625 0.8427734375
vt 0.201171875 0.8427734375
vt 0.201171875 0.9189453125
vt 0.2275390625 0.9189453125
vt 0.0263671875 0.783203125
vt 0 0.783203125
vt 0 0.70703125
vt 0.0263671875 0.70703125
vn 0.9961946980917455 0 0.08715574274765825
vn -0.07139380484326972 0.573576436351046 0.8160349234517084
vn -0.9961946980917455 0 -0.08715574274765825
vn 0.07139380484326972 -0.573576436351046 -0.8160349234517084
vn 0.04999048033273035 0.8191520442889919 -0.5713938048432696
vn -0.04999048033273035 -0.8191520442889919 0.5713938048432696
usemtl m_87f76ebc-9a2b-6f26-4b41-d1dd3c91e1d6
f 164/484/121 167/483/121 165/482/121 162/481/121
f 163/488/122 164/487/122 162/486/122 161/485/122
f 168/492/123 163/491/123 161/490/123 166/489/123
f 167/496/124 168/495/124 166/494/124 165/493/124
f 166/500/125 161/499/125 162/498/125 165/497/125
f 167/504/126 164/503/126 163/502/126 168/501/126
o cube
v -2.4488740989332056 10.046689393377251 1.8132513717399554
v 2.407575054264054 10.046689393377251 2.23813561763479
v -2.4488740989332056 10.046689393377251 1.8132513717399554
v 2.407575054264054 10.046689393377251 2.23813561763479
v 2.5102036487262547 10.87120552063188 1.065085415172959
v -2.346245504471005 10.87120552063188 0.6402011692781251
v 2.5102036487262547 10.87120552063188 1.065085415172959
v -2.346245504471005 10.87120552063188 0.6402011692781251
vt 0 1
vt 0.0224609375 1
vt 0.0224609375 1
vt 0 1
vt 0 1
vt 0.076171875 1
vt 0.076171875 1
vt 0 1
vt 0 1
vt 0.0224609375 1
vt 0.0224609375 1
vt 0 1
vt 0 1
vt 0.076171875 1
vt 0.076171875 1
vt 0 1
vt 0.1513671875 0.697265625
vt 0.12890625 0.697265625
vt 0.12890625 0.7734375
vt 0.1513671875 0.7734375
vt 0.25390625 0.740234375
vt 0.2314453125 0.740234375
vt 0.2314453125 0.6640625
vt 0.25390625 0.6640625
vn 0.9961946980917455 0 0.08715574274765825
vn -0.07139380484326972 -0.573576436351046 0.8160349234517084
vn -0.9961946980917455 0 -0.08715574274765825
vn 0.07139380484326972 0.573576436351046 -0.8160349234517084
vn -0.04999048033273035 0.8191520442889919 0.5713938048432696
vn 0.04999048033273035 -0.8191520442889919 -0.5713938048432696
usemtl m_87f76ebc-9a2b-6f26-4b41-d1dd3c91e1d6
f 172/508/127 175/507/127 173/506/127 170/505/127
f 171/512/128 172/511/128 170/510/128 169/509/128
f 176/516/129 171/515/129 169/514/129 174/513/129
f 175/520/130 176/519/130 174/518/130 173/517/130
f 174/524/131 169/523/131 170/522/131 173/521/131
f 175/528/132 172/527/132 171/526/132 176/525/132
o cube
v 1.4132038208124058 10.871205520631886 1.9855775661770103
v 2.8412649368528946 9.867446757017554 2.110516724652732
v 1.4132038208124058 10.871205520631886 1.9855775661770103
v 2.8412649368528946 9.867446757017554 2.110516724652732
v 3.2661491827477285 9.867446757017554 -2.7459324285445277
v 1.8380880667072397 10.871205520631886 -2.8708715870202495
v 3.2661491827477285 9.867446757017554 -2.7459324285445277
v 1.8380880667072397 10.871205520631886 -2.8708715870202495
vt 0 1
vt 0.076171875 1
vt 0.076171875 1
vt 0 1
vt 0 1
vt 0.02734375 1
vt 0.02734375 1
vt 0 1
vt 0 1
vt 0.076171875 1
vt 0.076171875 1
vt 0 1
vt 0 1
vt 0.02734375 1
vt 0.02734375 1
vt 0 1
vt 0.2041015625 0.97265625
vt 0.1279296875 0.97265625
vt 0.1279296875 1
vt 0.2041015625 1
vt 0.2041015625 0.97265625
vt 0.1279296875 0.97265625
vt 0.1279296875 0.9453125
vt 0.2041015625 0.9453125
vn 0.8160349234517084 -0.573576436351046 0.07139380484326972
vn -0.08715574274765825 0 0.9961946980917455
vn -0.8160349234517084 0.573576436351046 -0.07139380484326972
vn 0.08715574274765825 0 -0.9961946980917455
vn 0.5713938048432696 0.8191520442889919 0.04999048033273035
vn -0.5713938048432696 -0.8191520442889919 -0.04999048033273035
usemtl m_87f76ebc-9a2b-6f26-4b41-d1dd3c91e1d6
f 180/532/133 183/531/133 181/530/133 178/529/133
f 179/536/134 180/535/134 178/534/134 177/533/134
f 184/540/135 179/539/135 177/538/135 182/537/135
f 183/544/136 184/543/136 182/542/136 181/541/136
f 182/548/137 177/547/137 178/546/137 181/545/137
f 183/552/138 180/551/138 179/550/138 184/549/138
o cube
v -2.8015149805420263 9.93594758046175 1.618268526823082
v -1.4244560472172694 10.903857816804141 1.7387455724960996
v -2.8015149805420263 9.93594758046175 1.618268526823082
v -1.4244560472172694 10.903857816804141 1.7387455724960996
v -0.9995718013224355 10.903857816804141 -3.1177035807011597
v -2.3766307346471915 9.93594758046175 -3.2381806263741773
v -0.9995718013224355 10.903857816804141 -3.1177035807011597
v -2.3766307346471915 9.93594758046175 -3.2381806263741773
vt 0 1
vt 0.076171875 1
vt 0.076171875 1
vt 0 1
vt 0 1
vt 0.0263671875 1
vt 0.0263671875 1
vt 0 1
vt 0 1
vt 0.076171875 1
vt 0.076171875 1
vt 0 1
vt 0 1
vt 0.0263671875 1
vt 0.0263671875 1
vt 0 1
vt 0.228515625 0.7744140625
vt 0.15234375 0.7744140625
vt 0.15234375 0.80078125
vt 0.228515625 0.80078125
vt 0.27734375 0.9453125
vt 0.201171875 0.9453125
vt 0.201171875 0.9189453125
vt 0.27734375 0.9189453125
vn 0.8160349234517084 0.573576436351046 0.07139380484326972
vn -0.08715574274765825 0 0.9961946980917455
vn -0.8160349234517084 -0.573576436351046 -0.07139380484326972
vn 0.08715574274765825 0 -0.9961946980917455
vn -0.5713938048432696 0.8191520442889919 -0.04999048033273035
vn 0.5713938048432696 -0.8191520442889919 0.04999048033273035
usemtl m_87f76ebc-9a2b-6f26-4b41-d1dd3c91e1d6
f 188/556/139 191/555/139 189/554/139 186/553/139
f 187/560/140 188/559/140 186/558/140 185/557/140
f 192/564/141 187/563/141 185/562/141 190/561/141
f 191/568/142 192/567/142 190/566/142 189/565/142
f 190/572/143 185/571/143 186/570/143 189/569/143
f 191/576/144 188/575/144 187/574/144 192/573/144
o cube
v -1.2823294997072934 6.407659006552118 -0.5274480438402138
v 1.463503020317518 6.407659006552118 0.08128837036070369
v -1.2823294997072934 6.407659006552118 -0.5274480438402138
v 1.463503020317518 6.407659006552118 0.08128837036070369
v 1.7313333781003237 5.17022213947566 -1.1268163020290407
v -1.0144991419244878 5.17022213947566 -1.73555271622996
v 1.7313333781003237 5.17022213947566 -1.1268163020290407
v -1.0144991419244878 5.17022213947566 -1.73555271622996
vt 0 1
vt 0.02734375 1
vt 0.02734375 1
vt 0 1
vt 0 1
vt 0.0439453125 1
vt 0.0439453125 1
vt 0 1
vt 0 1
vt 0.02734375 1
vt 0.02734375 1
vt 0 1
vt 0 1
vt 0.0439453125 1
vt 0.0439453125 1
vt 0 1
vt 0.447265625 0.7919921875
vt 0.419921875 0.7919921875
vt 0.419921875 0.8359375
vt 0.447265625 0.8359375
vt 0.4501953125 0.91796875
vt 0.4228515625 0.91796875
vt 0.4228515625 0.8740234375
vt 0.4501953125 0.8740234375
vn 0.9762960071199331 0 0.21643961393810424
vn -0.15304591873303186 0.7071067811865476 0.6903455270798545
vn -0.9762960071199331 0 -0.21643961393810424
vn 0.15304591873303186 -0.7071067811865476 -0.6903455270798545
vn 0.1530459187330319 0.7071067811865475 -0.6903455270798546
vn -0.1530459187330319 -0.7071067811865475 0.6903455270798546
usemtl m_87f76ebc-9a2b-6f26-4b41-d1dd3c91e1d6
f 196/580/145 199/579/145 197/578/145 194/577/145
f 195/584/146 196/583/146 194/582/146 193/581/146
f 200/588/147 195/587/147 193/586/147 198/585/147
f 199/592/148 200/591/148 198/590/148 197/589/148
f 198/596/149 193/595/149 194/594/149 197/593/149
f 199/600/150 196/599/150 195/598/150 200/597/150
o cube
v -1.6323224287477127 5.1212570801134305 1.0446750288986166
v 1.174528591722095 5.1212570801134305 1.6669389189706658
v -1.6323224287477127 5.1212570801134305 1.0446750288986166
v 1.174528591722095 5.1212570801134305 1.6669389189706658
v 1.4423589495049 6.358693947189888 0.45883424658092054
v -1.364492070964907 6.358693947189888 -0.16342964349112776
v 1.4423589495049 6.358693947189888 0.45883424658092054
v -1.364492070964907 6.358693947189888 -0.16342964349112776
vt 0 1
vt 0.02734375 1
vt 0.02734375 1
vt 0 1
vt 0 1
vt 0.044921875 1
vt 0.044921875 1
vt 0 1
vt 0 1
vt 0.02734375 1
vt 0.02734375 1
vt 0 1
vt 0 1
vt 0.044921875 1
vt 0.044921875 1
vt 0 1
vt 0.2998046875 0.5771484375
vt 0.2724609375 0.5771484375
vt 0.2724609375 0.6220703125
vt 0.2998046875 0.6220703125
vt 0.3720703125 0.6220703125
vt 0.3447265625 0.6220703125
vt 0.3447265625 0.5771484375
vt 0.3720703125 0.5771484375
vn 0.9762960071199331 0 0.21643961393810424
vn -0.15304591873303186 -0.7071067811865476 0.6903455270798545
vn -0.9762960071199331 0 -0.21643961393810424
vn 0.15304591873303186 0.7071067811865476 -0.6903455270798545
vn -0.1530459187330319 0.7071067811865475 0.6903455270798546
vn 0.1530459187330319 -0.7071067811865475 -0.6903455270798546
usemtl m_87f76ebc-9a2b-6f26-4b41-d1dd3c91e1d6
f 204/604/151 207/603/151 205/602/151 202/601/151
